active 0
playing 0
playlist 0
position 50
shuffle 614,215,301,526,332,43,410,348,312,385,417,398,358,412,92,111
shuffle 259,296,266,335,306,250,149,297,114,275,252,534,430,434,420,551
shuffle 364,274,359,450,78,615,405,413,37,446,205,585,217,242,444,140
shuffle 535,75,418,113,315,411,53,19,491,228,330,172,541,198,60,493
shuffle 537,150,29,73,481,482,591,463,302,409,158,456,432,589,369,603
shuffle 167,262,318,186,255,305,55,59,260,246,538,426,433,47,134,67
shuffle 240,586,400,291,565,219,381,225,66,44,408,506,607,397,319,462
shuffle 313,271,374,492,110,109,183,21,163,497,558,461,333,27,327,351
shuffle 533,604,263,596,582,39,425,253,223,95,580,8,76,277,329,22
shuffle 361,41,334,529,504,572,126,175,308,339,96,320,14,488,363,193
shuffle 608,151,211,379,445,129,555,353,424,10,13,619,194,233,386,222
shuffle 287,459,62,208,49,540,279,63,28,554,191,179,189,606,464,195
shuffle 578,366,171,467,475,513,328,241,249,325,45,562,142,61,282,177
shuffle 620,317,531,93,592,480,145,203,371,146,546,18,579,362,403,40
shuffle 237,100,247,314,345,404,50
resume-state 1
resume-time 36053
